1.000000000000000000e+00
9.995065603657316000e-01
9.980267284282715590e-01
9.955619646030799963e-01
9.921147013144778759e-01
9.876883405951377704e-01
9.822872507286887211e-01
9.759167619387474346e-01
9.685831611286310761e-01
9.602936856769430651e-01
9.510565162951535312e-01
9.408807689542254549e-01
9.297764858882513472e-01
9.177546256839811400e-01
9.048270524660194658e-01
8.910065241883678988e-01
8.763066800438635839e-01
8.607420270039436438e-01
8.443279255020150753e-01
8.270805742745618305e-01
8.090169943749474513e-01
7.901550123756903021e-01
7.705132427757891422e-01
7.501110696304595926e-01
7.289686274214115524e-01
7.071067811865474617e-01
6.845471059286886151e-01
6.613118653236518263e-01
6.374239897486896345e-01
6.129070536529764857e-01
5.877852522924730261e-01
5.620833778521305835e-01
5.358267949789965456e-01
5.090414157503712067e-01
4.817536741017151569e-01
4.539904997395468045e-01
4.257792915650726595e-01
3.971478906347805649e-01
3.681245526846778637e-01
3.387379202452912574e-01
3.090169943749474513e-01
2.789911060392292752e-01
2.486898871648547393e-01
2.181432413965424810e-01
1.873813145857245177e-01
1.564344650402307024e-01
1.253332335643042583e-01
9.410831331851428339e-02
6.279051952931330449e-02
3.141075907812817397e-02
-1.608122649676636601e-16
-3.141075907812827805e-02
-6.279051952931340164e-02
-9.410831331851438053e-02
-1.253332335643043693e-01
-1.564344650402310355e-01
-1.873813145857248230e-01
-2.181432413965425643e-01
-2.486898871648548504e-01
-2.789911060392293307e-01
-3.090169943749475623e-01
-3.387379202452915350e-01
-3.681245526846779748e-01
-3.971478906347806759e-01
-4.257792915650727150e-01
-4.539904997395466935e-01
-4.817536741017154345e-01
-5.090414157503713177e-01
-5.358267949789968787e-01
-5.620833778521306945e-01
-5.877852522924730261e-01
-6.129070536529765967e-01
-6.374239897486897455e-01
-6.613118653236520483e-01
-6.845471059286887261e-01
-7.071067811865474617e-01
-7.289686274214116635e-01
-7.501110696304595926e-01
-7.705132427757893643e-01
-7.901550123756904132e-01
-8.090169943749473402e-01
-8.270805742745619416e-01
-8.443279255020150753e-01
-8.607420270039437549e-01
-8.763066800438635839e-01
-8.910065241883680098e-01
-9.048270524660195768e-01
-9.177546256839811400e-01
-9.297764858882514583e-01
-9.408807689542254549e-01
-9.510565162951536422e-01
-9.602936856769430651e-01
-9.685831611286310761e-01
-9.759167619387474346e-01
-9.822872507286887211e-01
-9.876883405951377704e-01
-9.921147013144778759e-01
-9.955619646030799963e-01
-9.980267284282715590e-01
-9.995065603657316000e-01
-1.000000000000000000e+00
-9.995065603657316000e-01
-9.980267284282715590e-01
-9.955619646030799963e-01
-9.921147013144778759e-01
-9.876883405951376593e-01
-9.822872507286886101e-01
-9.759167619387474346e-01
-9.685831611286310761e-01
-9.602936856769430651e-01
-9.510565162951535312e-01
-9.408807689542254549e-01
-9.297764858882512362e-01
-9.177546256839810290e-01
-9.048270524660194658e-01
-8.910065241883676768e-01
-8.763066800438634729e-01
-8.607420270039434218e-01
-8.443279255020149643e-01
-8.270805742745618305e-01
-8.090169943749472292e-01
-7.901550123756903021e-01
-7.705132427757890312e-01
-7.501110696304593706e-01
-7.289686274214115524e-01
-7.071067811865473507e-01
-6.845471059286886151e-01
-6.613118653236516042e-01
-6.374239897486895234e-01
-6.129070536529764857e-01
-5.877852522924732481e-01
-5.620833778521301394e-01
-5.358267949789963236e-01
-5.090414157503710957e-01
-4.817536741017152679e-01
-4.539904997395469155e-01
-4.257792915650721599e-01
-3.971478906347802873e-01
-3.681245526846778082e-01
-3.387379202452913685e-01
-3.090169943749475623e-01
-2.789911060392287201e-01
-2.486898871648544340e-01
-2.181432413965423700e-01
-1.873813145857246287e-01
-1.564344650402310355e-01
-1.253332335643037310e-01
-9.410831331851396420e-02
-6.279051952931320735e-02
-3.141075907812829887e-02
-1.836970198721029688e-16
3.141075907812881929e-02
6.279051952931372083e-02
9.410831331851449155e-02
1.253332335643042306e-01
1.564344650402306747e-01
1.873813145857251283e-01
2.181432413965428974e-01
2.486898871648549336e-01
2.789911060392292197e-01
3.090169943749472292e-01
3.387379202452918681e-01
3.681245526846782523e-01
3.971478906347807314e-01
4.257792915650726040e-01
4.539904997395474151e-01
4.817536741017157120e-01
5.090414157503715398e-01
5.358267949789967677e-01
5.620833778521305835e-01
5.877852522924736922e-01
6.129070536529769297e-01
6.374239897486899675e-01
6.613118653236519373e-01
6.845471059286886151e-01
7.071067811865480168e-01
7.289686274214118855e-01
7.501110696304597036e-01
7.705132427757893643e-01
7.901550123756903021e-01
8.090169943749477843e-01
8.270805742745620526e-01
8.443279255020152974e-01
8.607420270039437549e-01
8.763066800438635839e-01
8.910065241883681209e-01
9.048270524660196878e-01
9.177546256839812511e-01
9.297764858882514583e-01
9.408807689542254549e-01
9.510565162951537532e-01
9.602936856769431762e-01
9.685831611286311871e-01
9.759167619387474346e-01
9.822872507286887211e-01
9.876883405951378814e-01
9.921147013144778759e-01
9.955619646030799963e-01
9.980267284282715590e-01
9.995065603657316000e-01
