0.000000000000000000e+00
3.142626604335115037e-02
6.291466725364976142e-02
9.452783117928205414e-02
1.263293784461081704e-01
1.583844403245362742e-01
1.907602022185667656e-01
2.235264828971491313e-01
2.567563603677268103e-01
2.905268567319164719e-01
3.249196962329062854e-01
3.600221530957566363e-01
3.959280087977212759e-01
4.327386422474259198e-01
4.705642812122515783e-01
5.095254494944289059e-01
5.497546521927700880e-01
5.913983513994711672e-01
6.346192975441481421e-01
6.795992982245265823e-01
7.265425280053608992e-01
7.756795110496130796e-01
8.272719459724757751e-01
8.816185923631890686e-01
9.390625058174923989e-01
1.000000000000000222e+00
1.064891840324791783e+00
1.134277349255405687e+00
1.208792350409609417e+00
1.289192231785066811e+00
1.376381920471173803e+00
1.471455315819969023e+00
1.575747859968651188e+00
1.690907655785011565e+00
1.818993247281066816e+00
1.962610505505150371e+00
2.125108173157202796e+00
2.310863653882410773e+00
2.525711689447305730e+00
2.777606853914976082e+00
3.077683537175252670e+00
3.442022576669218736e+00
3.894742854929859721e+00
4.473742829211555971e+00
5.242183581113180502e+00
6.313751514675050025e+00
7.915815088305826031e+00
1.057889499340563866e+01
1.589454484386532229e+01
3.182051595377407693e+01
-6.218431163823738000e+15
-3.182051595377397746e+01
-1.589454484386529742e+01
-1.057889499340562800e+01
-7.915815088305819813e+00
-6.313751514675036702e+00
-5.242183581113170732e+00
-4.473742829211554195e+00
-3.894742854929858389e+00
-3.442022576669217404e+00
-3.077683537175251782e+00
-2.777606853914973417e+00
-2.525711689447304842e+00
-2.310863653882410329e+00
-2.125108173157202351e+00
-1.962610505505151037e+00
-1.818993247281065484e+00
-1.690907655785011121e+00
-1.575747859968650078e+00
-1.471455315819968801e+00
-1.376381920471173803e+00
-1.289192231785066145e+00
-1.208792350409609195e+00
-1.134277349255404799e+00
-1.064891840324791783e+00
-1.000000000000000222e+00
-9.390625058174920659e-01
-8.816185923631891797e-01
-8.272719459724752200e-01
-7.756795110496129686e-01
-7.265425280053610102e-01
-6.795992982245262493e-01
-6.346192975441481421e-01
-5.913983513994707231e-01
-5.497546521927699770e-01
-5.095254494944283508e-01
-4.705642812122513008e-01
-4.327386422474259753e-01
-3.959280087977209983e-01
-3.600221530957565252e-01
-3.249196962329059524e-01
-2.905268567319163053e-01
-2.567563603677268103e-01
-2.235264828971488538e-01
-1.907602022185666824e-01
-1.583844403245359689e-01
-1.263293784461080316e-01
-9.452783117928208190e-02
-6.291466725364952550e-02
-3.142626604335108792e-02
3.216245299353273201e-16
3.142626604335128915e-02
6.291466725364971979e-02
9.452783117928227619e-02
1.263293784461082259e-01
1.583844403245366073e-01
1.907602022185668766e-01
2.235264828971490481e-01
2.567563603677270323e-01
2.905268567319165274e-01
3.249196962329066740e-01
3.600221530957567473e-01
3.959280087977217200e-01
4.327386422474261973e-01
4.705642812122515228e-01
5.095254494944292389e-01
5.497546521927701990e-01
5.913983513994716112e-01
6.346192975441483641e-01
6.795992982245265823e-01
7.265425280053613433e-01
7.756795110496133017e-01
8.272719459724763302e-01
8.816185923631895127e-01
9.390625058174923989e-01
1.000000000000000666e+00
1.064891840324792005e+00
1.134277349255406353e+00
1.208792350409609639e+00
1.289192231785066811e+00
1.376381920471173137e+00
1.471455315819970799e+00
1.575747859968652298e+00
1.690907655785012009e+00
1.818993247281066372e+00
1.962610505505149705e+00
2.125108173157205904e+00
2.310863653882412994e+00
2.525711689447306174e+00
2.777606853914974749e+00
3.077683537175251782e+00
3.442022576669225398e+00
3.894742854929865050e+00
4.473742829211558636e+00
5.242183581113176949e+00
6.313751514675035814e+00
7.915815088305860669e+00
1.057889499340567596e+01
1.589454484386534716e+01
3.182051595377395259e+01
5.443746451065123000e+15
-3.182051595377342679e+01
-1.589454484386521571e+01
-1.057889499340561734e+01
-7.915815088305827807e+00
-6.313751514675050913e+00
-5.242183581113161850e+00
-4.473742829211547090e+00
-3.894742854929856613e+00
-3.442022576669218736e+00
-3.077683537175255335e+00
-2.777606853914970308e+00
-2.525711689447302621e+00
-2.310863653882409441e+00
-2.125108173157202796e+00
-1.962610505505147263e+00
-1.818993247281064152e+00
-1.690907655785010011e+00
-1.575747859968650522e+00
-1.471455315819969245e+00
-1.376381920471171583e+00
-1.289192231785065257e+00
-1.208792350409608307e+00
-1.134277349255405243e+00
-1.064891840324792005e+00
-9.999999999999986677e-01
-9.390625058174913997e-01
-8.816185923631885135e-01
-8.272719459724754421e-01
-7.756795110496131906e-01
-7.265425280053599000e-01
-6.795992982245258052e-01
-6.346192975441476980e-01
-5.913983513994709451e-01
-5.497546521927700880e-01
-5.095254494944280177e-01
-4.705642812122509122e-01
-4.327386422474255867e-01
-3.959280087977211093e-01
-3.600221530957566918e-01
-3.249196962329056193e-01
-2.905268567319159168e-01
-2.567563603677264772e-01
-2.235264828971489648e-01
-1.907602022185668211e-01
-1.583844403245356358e-01
-1.263293784461076985e-01
-9.452783117928174883e-02
-6.291466725364965040e-02
-3.142626604335121282e-02
