0.000000000000000000e+00
3.141075907812829193e-02
6.279051952931337388e-02
9.410831331851432502e-02
1.253332335643042583e-01
1.564344650402308690e-01
1.873813145857246287e-01
2.181432413965425643e-01
2.486898871648547948e-01
2.789911060392292752e-01
3.090169943749473958e-01
3.387379202452914240e-01
3.681245526846779748e-01
3.971478906347806204e-01
4.257792915650727150e-01
4.539904997395468045e-01
4.817536741017153235e-01
5.090414157503713177e-01
5.358267949789966567e-01
5.620833778521305835e-01
5.877852522924731371e-01
6.129070536529764857e-01
6.374239897486897455e-01
6.613118653236518263e-01
6.845471059286887261e-01
7.071067811865475727e-01
7.289686274214115524e-01
7.501110696304595926e-01
7.705132427757892533e-01
7.901550123756904132e-01
8.090169943749474513e-01
8.270805742745618305e-01
8.443279255020150753e-01
8.607420270039436438e-01
8.763066800438636950e-01
8.910065241883677878e-01
9.048270524660195768e-01
9.177546256839811400e-01
9.297764858882514583e-01
9.408807689542255659e-01
9.510565162951535312e-01
9.602936856769430651e-01
9.685831611286310761e-01
9.759167619387474346e-01
9.822872507286887211e-01
9.876883405951377704e-01
9.921147013144778759e-01
9.955619646030799963e-01
9.980267284282715590e-01
9.995065603657316000e-01
1.000000000000000000e+00
9.995065603657316000e-01
9.980267284282715590e-01
9.955619646030799963e-01
9.921147013144777649e-01
9.876883405951376593e-01
9.822872507286886101e-01
9.759167619387474346e-01
9.685831611286310761e-01
9.602936856769430651e-01
9.510565162951535312e-01
9.408807689542254549e-01
9.297764858882513472e-01
9.177546256839811400e-01
9.048270524660194658e-01
8.910065241883678988e-01
8.763066800438634729e-01
8.607420270039436438e-01
8.443279255020149643e-01
8.270805742745617195e-01
8.090169943749474513e-01
7.901550123756903021e-01
7.705132427757892533e-01
7.501110696304593706e-01
7.289686274214114414e-01
7.071067811865475727e-01
6.845471059286885041e-01
6.613118653236518263e-01
6.374239897486895234e-01
6.129070536529763746e-01
5.877852522924732481e-01
5.620833778521304724e-01
5.358267949789966567e-01
5.090414157503710957e-01
4.817536741017152124e-01
4.539904997395464714e-01
4.257792915650724930e-01
3.971478906347806204e-01
3.681245526846777527e-01
3.387379202452913129e-01
3.090169943749471182e-01
2.789911060392291087e-01
2.486898871648548226e-01
2.181432413965423145e-01
1.873813145857245732e-01
1.564344650402305359e-01
1.253332335643040918e-01
9.410831331851435277e-02
6.279051952931313796e-02
3.141075907812823642e-02
-3.216245299353273201e-16
-3.141075907812843765e-02
-6.279051952931334613e-02
-9.410831331851454706e-02
-1.253332335643042861e-01
-1.564344650402311743e-01
-1.873813145857247675e-01
-2.181432413965425088e-01
-2.486898871648550169e-01
-2.789911060392292752e-01
-3.090169943749477288e-01
-3.387379202452914795e-01
-3.681245526846783078e-01
-3.971478906347807869e-01
-4.257792915650726595e-01
-4.539904997395470820e-01
-4.817536741017153790e-01
-5.090414157503716508e-01
-5.358267949789967677e-01
-5.620833778521305835e-01
-5.877852522924733591e-01
-6.129070536529765967e-01
-6.374239897486899675e-01
-6.613118653236520483e-01
-6.845471059286887261e-01
-7.071067811865476838e-01
-7.289686274214115524e-01
-7.501110696304598147e-01
-7.705132427757893643e-01
-7.901550123756904132e-01
-8.090169943749473402e-01
-8.270805742745621636e-01
-8.443279255020152974e-01
-8.607420270039437549e-01
-8.763066800438635839e-01
-8.910065241883677878e-01
-9.048270524660197989e-01
-9.177546256839812511e-01
-9.297764858882514583e-01
-9.408807689542254549e-01
-9.510565162951535312e-01
-9.602936856769431762e-01
-9.685831611286311871e-01
-9.759167619387474346e-01
-9.822872507286887211e-01
-9.876883405951376593e-01
-9.921147013144778759e-01
-9.955619646030799963e-01
-9.980267284282715590e-01
-9.995065603657316000e-01
-1.000000000000000000e+00
-9.995065603657314890e-01
-9.980267284282715590e-01
-9.955619646030799963e-01
-9.921147013144778759e-01
-9.876883405951377704e-01
-9.822872507286886101e-01
-9.759167619387473236e-01
-9.685831611286310761e-01
-9.602936856769430651e-01
-9.510565162951536422e-01
-9.408807689542253438e-01
-9.297764858882512362e-01
-9.177546256839810290e-01
-9.048270524660195768e-01
-8.910065241883675657e-01
-8.763066800438633619e-01
-8.607420270039434218e-01
-8.443279255020149643e-01
-8.270805742745618305e-01
-8.090169943749470072e-01
-7.901550123756900801e-01
-7.705132427757890312e-01
-7.501110696304594816e-01
-7.289686274214115524e-01
-7.071067811865470176e-01
-6.845471059286882820e-01
-6.613118653236516042e-01
-6.374239897486896345e-01
-6.129070536529764857e-01
-5.877852522924725820e-01
-5.620833778521302504e-01
-5.358267949789963236e-01
-5.090414157503712067e-01
-4.817536741017153235e-01
-4.539904997395461939e-01
-4.257792915650722154e-01
-3.971478906347803428e-01
-3.681245526846778637e-01
-3.387379202452914240e-01
-3.090169943749467851e-01
-2.789911060392287756e-01
-2.486898871648544895e-01
-2.181432413965424255e-01
-1.873813145857246842e-01
-1.564344650402302306e-01
-1.253332335643037865e-01
-9.410831331851403359e-02
-6.279051952931326286e-02
-3.141075907812836132e-02
